0.005	-2280.3
0.015	-2265.63
0.025	-2236.56
0.035	-2193.67
0.045	-2137.83
0.055	-2070.11
0.065	-1991.79
0.075	-1904.39
0.085	-1809.51
0.095	-1708.85
0.105	-1604.17
0.115	-1497.24
0.125	-1389.77
0.135	-1283.39
0.145	-1179.52
0.155	-1079.59
0.165	-984.6
0.175	-895.6
0.185	-813.199999999999
0.195	-737.700000000001
0.205	-669.5
0.215	-608.5
0.225	-554.200000000001
0.235	-506.299999999999
0.245	-464
0.255	-426.700000000001
0.265	-393.200000000001
0.275	-362.699999999999
0.285	-333.9
0.295	-306
0.305	-277.9
0.315	-248.700000000001
0.325	-217.599999999999
0.335	-183.900000000001
0.345	-147.1
0.355	-106.9
0.365	-63.3000000000011
0.375	-16.2000000000007
0.385	34.1000000000004
0.395	87.1399999999994
0.405	142.33
0.415	198.91
0.425	256.030000000001
0.435	312.73
0.445	368.009999999999
0.455	420.84
0.465	470.22
0.475	515.19
0.485	554.860000000001
0.495	588.46
0.505	615.37
0.515	635.1
0.525	647.35
0.535	651.99
0.545	649.07
0.555	638.830000000001
0.565	621.690000000001
0.575	598.18
0.585	569.02
0.595	535.02
0.605	497.1
0.615	456.2
0.625	413.3
0.635	369.38
0.645	325.400000000001
0.655	282.22
0.665	240.65
0.675	201.34
0.685	164.849999999999
0.695	131.55
0.705	101.71
0.715	75.3899999999999
0.725	52.54
0.735	32.9300000000003
0.745	16.2200000000003
0.755	1.95000000000027
0.765	-10.46
0.775	-21.6100000000001
0.785	-32.1900000000001
0.795	-42.8499999999999
0.805	-54.27
0.815	-67.0599999999999
0.825	-81.77
0.835	-98.8600000000001
0.845	-118.65
0.855	-141.36
0.865	-167.03
0.875	-195.58
0.885	-226.76
0.895	-260.2
0.905	-295.33
0.915	-331.52
0.925	-368
0.935	-403.92
0.945	-438.35
0.955	-470.38
0.965	-499.04
0.975	-523.43
0.985	-542.69
0.995	-556.03
1.005	-562.8
1.015	-562.47
1.025	-554.67
1.035	-539.18
1.045	-515.98
1.055	-485.22
1.065	-447.22
1.075	-402.5
1.085	-351.74
1.095	-295.77
1.105	-235.53
1.115	-172.11
1.125	-106.624
1.135	-40.2910000000001
1.145	25.6759999999999
1.155	90.067
1.165	151.706
1.175	209.488
1.185	262.3998
1.195	309.543
1.205	350.161
1.215	383.646
1.225	409.556
1.235	427.645
1.245	437.798
1.255	440.12
1.265	434.86
1.275	422.43
1.285	403.4
1.295	378.45
1.305	348.35
1.315	313.99
1.325	276.29
1.335	236.21
1.345	194.74
1.355	152.81
1.365	111.36
1.375	71.22
1.385	33.1900000000001
1.395	-2.05999999999995
1.405	-33.9459999999999
1.415	-62.009
1.425	-85.909
1.435	-105.43
1.445	-120.475
1.455	-131.067
1.465	-137.338
1.475	-139.517
1.485	-137.923
1.495	-132.945
1.505	-125.031
1.515	-114.668
1.525	-102.369
1.535	-88.6558
1.545	-74.0438
1.555	-59.0286
1.565	-44.0701
1.575	-29.5873
1.585	-15.9442
1.595	-3.447
1.605	7.6621
1.615	17.2067
1.625	25.075
1.635	31.219
1.645	35.6518
1.655	38.4363
1.665	39.6864
1.675	39.5517
1.685	38.2157
1.695	35.8813
1.705	32.7636
1.715	29.0827
1.725	25.0561
1.735	20.8862
1.745	16.7608
1.755	12.8431
1.765	9.2696
1.775	6.1474
1.785	3.5519
1.795	1.5278
1.805	0.0893500000000005
1.815	-0.77715
1.825	-1.11035
1.835	-0.9701
1.845	-0.433200000000001
1.855	0.4116
1.865	1.4681
1.875	2.6375
1.885	3.82335
1.895	4.93529
1.905	5.89291
1.915	6.6288
1.925	7.0908
1.935	7.2435
1.945	7.0691
1.955	6.5672
1.965	5.7541
1.975	4.6609
1.985	3.3326
1.995	1.8244
2.005	0.199200000000005
2.015	-1.475
2.025	-3.1293
2.035	-4.6956
2.045	-6.1111
2.055	-7.3196
2.065	-8.2749
2.075	-8.94176
2.085	-9.297896
2.095	-9.33418
2.105	-9.0555
2.115	-8.47973
2.125	-7.6375
2.135	-6.5701
2.145	-5.3285
2.155	-3.9708
2.165	-2.5599
2.175	-1.1611
2.185	0.160299999999999
2.195	1.342
2.205	2.3263
2.215	3.0629
2.225	3.5104
2.235	3.6379
2.245	3.4259
2.255	2.86735
2.265	1.96728
2.275	0.74287
2.285	-0.77719
2.295	-2.553895
2.305	-4.539306
2.315	-6.678235
2.325	-8.91017
2.335	-11.17131
2.345	-13.39675
2.355	-15.52253
2.365	-17.48778
2.375	-19.23633
2.385	-20.71894
2.395	-21.894288
2.405	-22.72995
2.415	-23.20392
2.425	-23.3041
2.435	-23.0291
2.445	-22.388
2.455	-21.3992
2.465	-20.0899
2.475	-18.4952
2.485	-16.6567
2.495	-14.6206
2.505	-12.4364
2.515	-10.1557
2.525	-7.83
2.535	-5.5093
2.545	-3.2409
2.555	-1.0681
2.565	0.971000000000004
2.575	2.8443
2.585	4.5262
2.595	5.9981
2.605	7.2484
2.615	8.2726
2.625	9.0724
2.635	9.6557
2.645	10.0359
2.655	10.2306
2.665	10.261
2.675	10.1509
2.685	9.9254
2.695	9.6105
2.705	9.2312
2.715	8.8117
2.725	8.374
2.735	7.9375
2.745	7.5181
2.755	7.1288
2.765	6.7787
2.775	6.4732
2.785	6.2147
2.795	6.0019
2.805	5.8309
2.815	5.6955
2.825	5.5876
2.835	5.4979
2.845	5.4166
2.855	5.3334
2.865	5.239
2.875	5.1245
2.885	4.98267
2.895	4.80787
2.905	4.59635
2.915	4.34639
2.925	4.05825
2.935	3.73423
2.945	3.378429
2.955	2.99653
2.965	2.59549
2.975	2.1832
2.985	1.76811
2.995	1.35882
3.005	0.96373
3.015	0.590590000000001
3.025	0.246269999999999
3.035	-0.0635600000000007
3.045	-0.3347
3.055	-0.564449999999999
3.065	-0.751810000000001
3.075	-0.897409999999999
3.085	-1.00345
3.095	-1.07355
3.105	-1.1126
3.115	-1.1264
3.125	-1.12158
3.135	-1.10484
3.145	-1.0834
3.155	-1.0636
3.165	-1.0519
3.175	-1.0532
3.185	-1.0718
3.195	-1.1105
3.205	-1.1707
3.215	-1.2525
3.225	-1.3542
3.235	-1.473
3.245	-1.6045
3.255	-1.7437
3.265	-1.8842
3.275	-2.0193
3.285	-2.1418
3.295	-2.2444
3.305	-2.3208
3.315	-2.3643
3.325	-2.3697
3.335	-2.3328
3.345	-2.25073
3.355	-2.12206
3.365	-1.9469
3.375	-1.72711
3.385	-1.46596
3.395	-1.16833
3.405	-0.84046
3.415	-0.48976
3.425	-0.124540000000001
3.435	0.24618
3.445	0.61305
3.455	0.96663
3.465	1.29772
3.475	1.5977
3.485	1.85877
3.495	2.0742
3.505	2.2386
3.515	2.34802
3.525	2.40012
3.535	2.39421
3.545	2.33125
3.555	2.21382
3.565	2.04605
3.575	1.83338
3.585	1.58246
3.595	1.30085
3.605	0.99682
3.615	0.67905
3.625	0.35636
3.635	0.0373900000000003
3.645	-0.26959
3.655	-0.55698
3.665	-0.81811
3.675	-1.04732
3.685	-1.24015
3.695	-1.39348
3.705	-1.50551
3.715	-1.575817
3.725	-1.605278
3.735	-1.595999
3.745	-1.5512
3.755	-1.475024
3.765	-1.372405
3.775	-1.248802
3.785	-1.110026
3.795	-0.962024
3.805	-0.810626
3.815	-0.66138
3.825	-0.51936
3.835	-0.38898
3.845	-0.27393
3.855	-0.17699
3.865	-0.10005
3.875	-0.0440499999999999
3.885	-0.00898000000000021
3.895	0.00604000000000005
3.905	0.00269999999999992
3.915	-0.0166200000000001
3.925	-0.04894
3.935	-0.09087
3.945	-0.13876
3.955	-0.18882
3.965	-0.237317
3.975	-0.280739
3.985	-0.3158887
3.995	-0.340034
4.005	-0.351003
4.015	-0.34724
4.025	-0.32789
4.035	-0.29276
4.045	-0.24239
4.055	-0.17791
4.065	-0.10108
4.075	-0.0141799999999996
4.085	0.08013
4.095	0.17889
4.105	0.27897
4.115	0.37715
4.125	0.47032
4.135	0.55556
4.145	0.63022
4.155	0.69207
4.165	0.73933
4.175	0.77074
4.185	0.78562
4.195	0.78383
4.205	0.7658
4.215	0.73251
4.225	0.6854
4.235	0.6263
4.245	0.55743
4.255	0.4812
4.265	0.40019
4.275	0.31702
4.285	0.23423
4.295	0.15422
4.305	0.0791900000000005
4.315	0.0109399999999997
4.325	-0.0490199999999996
4.335	-0.0996400000000008
4.345	-0.1403
4.355	-0.17084
4.365	-0.19154
4.375	-0.20311
4.385	-0.20661
4.395	-0.20344
4.405	-0.19524
4.415	-0.18384
4.425	-0.17113
4.435	-0.159050000000001
4.445	-0.14945
4.455	-0.143999999999999
4.465	-0.14422
4.475	-0.15128
4.485	-0.166029999999999
4.495	-0.18897
4.505	-0.22022
4.515	-0.25948
4.525	-0.30606
4.535	-0.35893
4.545	-0.41672
4.555	-0.47779
4.565	-0.5403
4.575	-0.60225
4.585	-0.66155
4.595	-0.71613
4.605	-0.76399
4.615	-0.80327
4.625	-0.83231
4.635	-0.84973
4.645	-0.85447
4.655	-0.84581
4.665	-0.82339
4.675	-0.78728
4.685	-0.73788
4.695	-0.67601
4.705	-0.60283
4.715	-0.51976
4.725	-0.428534
4.735	-0.331092
4.745	-0.22949
4.755	-0.125894
4.765	-0.022488
4.775	0.0785899999999999
4.785	0.17528
4.795	0.26572
4.805	0.34821
4.815	0.42132
4.825	0.48387
4.835	0.53502
4.845	0.5742
4.855	0.60118
4.865	0.61604
4.875	0.61914
4.885	0.6111
4.895	0.592820000000001
4.905	0.56535
4.915	0.52994
4.925	0.48797
4.935	0.440869999999999
4.945	0.390149999999999
4.955	0.33726
4.965	0.283670000000001
4.975	0.23075
4.985	0.17977
4.995	0.13186
5.005	0.0880400000000003
5.015	0.0491700000000002
5.025	0.0159200000000004
5.035	-0.0111800000000004
5.045	-0.03179
5.055	-0.0456599999999998
5.065	-0.0527300000000004
5.075	-0.0530900000000001
5.085	-0.0469100000000005
5.095	-0.0344799999999994
5.105	-0.0161500000000006
5.115	0.00762000000000018
5.125	0.0363600000000002
5.135	0.0694900000000001
5.145	0.10646
5.155	0.14665
5.165	0.18945
5.175	0.23423
5.185	0.28033
5.195	0.32712
5.205	0.37394
5.215	0.42012
5.225	0.46501
5.235	0.50796
5.245	0.54832
5.255	0.58545
5.265	0.61874
5.275	0.647581
5.285	0.671412
5.295	0.689719
5.305	0.7020462
5.315	0.708
5.325	0.707271
5.335	0.6996453
5.345	0.685013
5.355	0.66338
5.365	0.634873
5.375	0.599753
5.385	0.558393
5.395	0.511321
5.405	0.459169
5.415	0.402673
5.425	0.342693
5.435	0.280148
5.445	0.21604
5.455	0.15138
5.465	0.0872200000000001
5.475	0.02457
5.485	-0.03556
5.495	-0.0922800000000001
5.505	-0.14476
5.515	-0.19231
5.525	-0.23436
5.535	-0.27052
5.545	-0.30054
5.555	-0.32438
5.565	-0.34215
5.575	-0.35415
5.585	-0.36084
5.595	-0.36282
5.605	-0.36083
5.615	-0.35571
5.625	-0.34837
5.635	-0.33977
5.645	-0.33088
5.655	-0.32264
5.665	-0.31593
5.675	-0.31157
5.685	-0.31023
5.695	-0.31244
5.705	-0.3186
5.715	-0.32891
5.725	-0.34338
5.735	-0.36183
5.745	-0.38392
5.755	-0.40913
5.765	-0.43675
5.775	-0.46599
5.785	-0.49592
5.795	-0.525539
5.805	-0.553804
5.815	-0.57967
5.825	-0.602137
5.835	-0.620234
5.845	-0.63313
5.855	-0.640104
5.865	-0.640568
5.875	-0.634164
5.885	-0.620667
5.895	-0.600099
5.905	-0.572659
5.915	-0.538748
5.925	-0.498946
5.935	-0.454013
5.945	-0.404842
5.955	-0.352446
5.965	-0.297932
5.975	-0.242443
5.985	-0.187143
5.995	-0.133171
6.005	-0.0816089999999999
6.015	-0.033449
6.025	0.010442
6.035	0.049342
6.045	0.0826944
6.055	0.1101281
6.065	0.1314615
6.075	0.1467065
6.085	0.156063
6.095	0.159908
6.105	0.158782
6.115	0.153362
6.125	0.144444
6.135	0.132901
6.145	0.119665
6.155	0.105684
6.165	0.09189
6.175	0.079174
6.185	0.068348
6.195	0.060122
6.205	0.055081
6.215	0.053668
6.225	0.056169
6.235	0.062707
6.245	0.073244
6.255	0.087579
6.265	0.105367
6.275	0.126125
6.285	0.149257
6.295	0.174079
6.305	0.199836
6.315	0.225739
6.325	0.250988
6.335	0.274802
6.345	0.296446
6.355	0.315254
6.365	0.330651
6.375	0.342173
6.385	0.349479
6.395	0.352358
6.405	0.350737
6.415	0.344679
6.425	0.334377
6.435	0.320143
6.445	0.302396
6.455	0.281647
6.465	0.258474
6.475	0.233503
6.485	0.20739
6.495	0.180788
6.505	0.154337
6.515	0.128636
6.525	0.104224
6.535	0.081572
6.545	0.061062
6.555	0.042984
6.565	0.027529
6.575	0.01479
6.585	0.00476300000000002
6.595	-0.00264399999999998
6.605	-0.007604
6.615	-0.010357
6.625	-0.011198
6.635	-0.010459
6.645	-0.00849000000000005
6.655	-0.00564700000000001
6.665	-0.00227799999999995
6.675	0.00130400000000003
6.685	0.00481799999999999
6.695	0.00803399999999999
6.705	0.010783
6.715	0.012955
6.725	0.014506
6.735	0.015455
6.745	0.015879
6.755	0.015906
6.765	0.015708
6.775	0.015487
6.785	0.015462
6.795	0.015859
6.805	0.016896
6.815	0.018763
6.825	0.0216226
6.835	0.0255888
6.845	0.03072142
6.855	0.0370212
6.865	0.0444244
6.875	0.0528022
6.885	0.0619647
6.895	0.071661
6.905	0.081593
6.915	0.091419
6.925	0.1007728
6.935	0.1092681
6.945	0.1165215
6.955	0.1221617
6.965	0.1258472
6.975	0.1272786
6.985	0.1262118
6.995	0.12246908
7.005	0.1159467
7.015	0.1066237
7.025	0.094562
7.035	0.079906
7.045	0.062886
7.055	0.043806
7.065	0.023037
7.075	0.00100800000000001
7.085	-0.021808
7.095	-0.044908
7.105	-0.0677771
7.115	-0.0899017
7.125	-0.1107855
7.135	-0.1299662
7.145	-0.1470311
7.155	-0.161627
7.165	-0.17347053
7.175	-0.1823618
7.185	-0.1881812
7.195	-0.1909003
7.205	-0.190576
7.215	-0.18735
7.225	-0.181441
7.235	-0.173139
7.245	-0.162792
7.255	-0.150796
7.265	-0.13758
7.275	-0.123592
7.285	-0.109283
7.295	-0.0950969
7.305	-0.081451
7.315	-0.0687277
7.325	-0.057263
7.335	-0.0473353
7.345	-0.03916081
7.355	-0.032888
7.365	-0.0285963
7.375	-0.0262957
7.385	-0.02593022
7.395	-0.0273824
7.405	-0.030480092
7.415	-0.0350052
7.425	-0.0407026
7.435	-0.0472915
7.445	-0.0544744
7.455	-0.061953
7.465	-0.069428
7.475	-0.076624
7.485	-0.083282
7.495	-0.08918
7.505	-0.094129
7.515	-0.097984
7.525	-0.10064
7.535	-0.102037
7.545	-0.102156
7.555	-0.101019
7.565	-0.098681
7.575	-0.095228
7.585	-0.090772
7.595	-0.085438
7.605	-0.079364
7.615	-0.072696
7.625	-0.065572
7.635	-0.0581257
7.645	-0.0504809
7.655	-0.0427432
7.665	-0.0350027
7.675	-0.0273297
7.685	-0.0197758
7.695	-0.0123755
7.705	-0.0051474
7.715	0.0019021
7.725	0.0087757
7.735	0.0154809
7.745	0.0220259
7.755	0.028416
7.765	0.0346497
7.775	0.040714
7.785	0.046585
7.795	0.052227
7.805	0.057583
7.815	0.062591
7.825	0.067172
7.835	0.071239
7.845	0.074699
7.855	0.077458
7.865	0.079427
7.875	0.080523
7.885	0.0806812
7.895	0.0798516
7.905	0.0780106
7.915	0.0751624
7.925	0.0713406
7.935	0.0666115
7.945	0.061074
7.955	0.0548586
7.965	0.048127
7.975	0.0410636
7.985	0.033876
7.995	0.026786
8.005	0.020021
8.015	0.01381
8.025	0.00837299999999999
8.035	0.003911
8.045	6.05000000000022E-4
8.055	-0.001404
8.065	-0.00200740000000001
8.075	-0.0011467
8.085	0.0011915
8.095	0.0049677
8.105	0.01009071
8.115	0.0164191
8.125	0.0237637
8.135	0.0318934
8.145	0.0405412
8.155	0.0494124
8.165	0.0581939
8.175	0.0665671
8.185	0.0742124
8.195	0.080829
8.205	0.0861378
8.215	0.089897
8.225	0.09190927
8.235	0.0920282
8.245	0.0901675
8.255	0.0863031
8.265	0.080476
8.275	0.0727922
8.285	0.0634195
8.295	0.0525854
8.305	0.040565
8.315	0.02768
8.325	0.014282
8.335	7.43999999999995E-4
8.345	-0.012552
8.355	-0.025228
8.365	-0.036922
8.375	-0.047303
8.385	-0.056079
8.395	-0.0630074
8.405	-0.0679068
8.415	-0.0706587
8.425	-0.0712163
8.435	-0.0696005
8.445	-0.0659051
8.455	-0.0602913
8.465	-0.05298123
8.475	-0.044251398
8.485	-0.0344231
8.495	-0.02385143
8.505	-0.0129126
8.515	-0.0019913
8.525	0.0085324
8.535	0.0182967
8.545	0.0269699
8.555	0.0342622
8.565	0.0399352
8.575	0.0438096
8.585	0.0457722
8.595	0.0457777
8.605	0.0438519
8.615	0.0400872
8.625	0.0346421
8.635	0.0277322
8.645	0.0196251
8.655	0.010627
8.665	0.0010729
8.675	-0.0086846
8.685	-0.0182897
8.695	-0.027396
8.705	-0.0356788
8.715	-0.0428464
8.725	-0.0486515
8.735	-0.05289886
8.745	-0.05545253
8.755	-0.0562406
8.765	-0.0552571
8.775	-0.052562
8.785	-0.0482787
8.795	-0.0425887
8.805	-0.0357249
8.815	-0.0279631
8.825	-0.0196107
8.835	-0.0109961
8.845	-0.0024557
8.855	0.0056779
8.865	0.01308895
8.875	0.01948968
8.885	0.0246311
8.895	0.0283125
8.905	0.0303884
8.915	0.0307744
8.925	0.0294503
8.935	0.0264607
8.945	0.021914
8.955	0.0159775
8.965	0.00887399999999999
8.975	8.71299999999992E-4
8.985	-0.007726
8.995	-0.0165871
9.005	-0.0253671
9.015	-0.0337191
9.025	-0.0413062
9.035	-0.0478135
9.045	-0.0529589
9.055	-0.05650362
9.065	-0.0582599
9.075	-0.058098
9.085	-0.0559507
9.095	-0.0518161
9.105	-0.045756
9.115	-0.0378984
9.125	-0.0284278
9.135	-0.017583
9.145	-0.00564779999999999
9.155	0.00705749999999999
9.165	0.0201869
9.175	0.0333802
9.185	0.04627312
9.195	0.0585101
9.205	0.0697547
9.215	0.0796997
9.225	0.0880767
9.235	0.0946633
9.245	0.09928943
9.255	0.10184176
9.265	0.10226568
9.275	0.10056724
9.285	0.09680829
9.295	0.09110693
9.305	0.0836302
9.315	0.0745887
9.325	0.0642284
9.335	0.0528223
9.345	0.040661495
9.355	0.0280455
9.365	0.0152731
9.375	0.00263360000000001
9.385	-0.00960190000000001
9.395	-0.0211875
9.405	-0.0319082
9.415	-0.0415867
9.425	-0.0500839
9.435	-0.0573029
9.445	-0.0631905
9.455	-0.0677302
9.465	-0.0709497
9.475	-0.0729095
9.485	-0.0736986
9.495	-0.0734356
9.505	-0.0722548
9.515	-0.0703049
9.525	-0.0677424
9.535	-0.06472282
9.545	-0.06139733
9.555	-0.05790649
9.565	-0.05437625
9.575	-0.05091431
9.585	-0.04760773
9.595	-0.04452106
9.605	-0.0416963
9.615	-0.03915322
9.625	-0.0368906
9.635	-0.034889
9.645	-0.033113
9.655	-0.0315151
9.665	-0.0300395
9.675	-0.0286256
9.685	-0.027212
9.695	-0.0257404
9.705	-0.0241587
9.715	-0.0224237
9.725	-0.0205037
9.735	-0.0183796
9.745	-0.0160461
9.755	-0.0135115
9.765	-0.0107973
9.775	-0.0079371
9.785	-0.0049743
9.795	-0.0019603
9.805	0.00104847
9.815	0.00399303
9.825	0.006815
9.835	0.0094593
9.845	0.0118769
9.855	0.0140266
9.865	0.0158778
9.875	0.0174109
9.885	0.0186184
9.895	0.0195049
9.905	0.0200887
9.915	0.0203956
9.925	0.0204642
9.935	0.0203391
9.945	0.0200696
9.955	0.019709
9.965	0.0193103
9.975	0.0189241
9.985	0.0185967
9.995	0.0183673
